0.000001
0.000001
0.000001
0.000001
0.000001
0.000001
0.000001
0.000001
0.000001
0.000001
0.000001
0.000001
0.000001
0.000001
0.000001
0.000001
0.000001
0.000001
0.000001
0.000001
0.000001
0.000001
0.000001
0.000001
0.000001
0.000001
0.000001
0.000001
0.000001
0.000001
0.000001
0.000001
0.000001
0.000001
0.000001
0.000001
0.000001
0.000001
0.000001
0.000001
0.000001
0.000001
0.000001
0.000001
0.000001
0.000001
0.000001
0.000001
0.000001
0.000001
0.000001
0.000001
0.000001
0.000001
0.000001
0.000001
0.000001
0.000001
0.000001
0.000001
0.000001
0.000001
0.000001
0.000001
0.000001
0.000001
0.000001
0.000001
0.000001
0.000001
0.000001
0.000001
0.000001
0.000001
0.000001
0.000001
0.000001
0.000001
0.000001
0.000001
0.000001
0.000001
0.000001
0.000001
0.000001
0.000001
0.000001
0.000001
0.000001
0.000001
0.000001
0.000001
0.000001
0.000001
0.000001
0.000002
0.000005
0.000006
0.000007
0.000007
0.000010
0.000011
0.000011
0.000015
0.000015
0.000018
0.000022
0.000022
0.000022
0.000022
0.000024
0.000027
0.000032
0.000033
0.000034
0.000035
0.000036
0.000040
0.000041
0.000051
0.000062
0.000063
0.000065
0.000065
0.000070
0.000073
0.000074
0.000078
0.000079
0.000084
0.000084
0.000085
0.000089
0.000091
0.000095
0.000096
0.000096
0.000098
0.000101
0.000110
0.000111
0.000160
0.000161
0.000168
0.000173
0.000203
0.000220
0.000225
0.000239
0.000246
0.000260
0.000261
0.000262
0.000281
0.000288
0.000293
0.000295
0.000297
0.000299
0.000300
0.000320
0.000331
0.000333
0.000334
0.000339
0.000353
0.000372
0.000382
0.000392
0.000413
0.000414
0.000417
0.000418
0.000418
0.000418
0.000418
0.000418
0.000418
0.000427
0.000439
0.000460
0.000462
0.000475
0.000481
0.000484
0.000494
0.000499
0.000506
0.000511
0.000539
0.000561
0.000590
0.000600
0.000634
0.000653
0.000665
0.000665
0.000738
0.000738
0.000786
0.000808
0.000847
0.000851
0.000894
0.000900
0.000937
0.001035
0.001136
0.001375
0.001436
0.001599
0.002015
0.002073
0.002560
0.002998
0.002998
