0.000001
0.000001
0.000001
0.000001
0.000001
0.000001
0.000001
0.000001
0.000001
0.000001
0.000001
0.000001
0.000001
0.000001
0.000001
0.000001
0.000001
0.000001
0.000001
0.000001
0.000001
0.000001
0.000001
0.000001
0.000001
0.000001
0.000001
0.000001
0.000001
0.000001
0.000001
0.000001
0.000001
0.000001
0.000001
0.000001
0.000001
0.000001
0.000001
0.000001
0.000001
0.000001
0.000001
0.000001
0.000001
0.000001
0.000001
0.000001
0.000001
0.000001
0.000001
0.000001
0.000001
0.000001
0.000001
0.000001
0.000001
0.000001
0.000001
0.000001
0.000001
0.000001
0.000001
0.000001
0.000001
0.000001
0.000001
0.000001
0.000001
0.000001
0.000001
0.000001
0.000001
0.000001
0.000001
0.000001
0.000001
0.000001
0.000001
0.000001
0.000001
0.000001
0.000001
0.000001
0.000001
0.000001
0.000001
0.000001
0.000001
0.000001
0.000001
0.000001
0.000001
0.000001
0.000001
0.000001
0.000001
0.000001
0.000001
0.000002
0.000045
0.000066
0.000091
0.000136
0.000165
0.000302
0.000314
0.000316
0.00033
0.00046
0.00062
0.00062
0.000687
0.001008
0.001064
0.00108
0.001269
0.001392
0.001494
0.0016
0.001616
0.001678
0.001943
0.002181
0.00223
0.002252
0.002579
0.002866
0.003982
0.003992
0.004559
0.00495
0.005865
0.006044
0.006638
0.006958
0.007358
0.008553
0.009516
0.009844
0.0099
0.0099
0.010229
0.011184
0.011185
0.011696
0.011706
0.016017
0.01809
0.018597
0.018598
0.020505
0.02123
0.022727
0.025221
0.030904
0.03169
0.031853
0.032498
0.03457
0.053367
0.067168
0.070175
0.071433
0.072474
0.072474
0.083521
0.087672
0.103783
0.103897
0.103897
0.106374
0.114999
0.114999
0.114999
0.114999
0.114999
0.115
0.11591
0.138898
0.138898
0.160497
0.160497
0.164591
0.164591
0.164591
0.164591
0.164591
0.175163
0.19061
0.204683
0.204683
0.204683
0.206507
0.206508
0.206508
0.206508
0.206508
0.206509
0.206509
0.206509
0.207948
0.2185
0.25
0.250123
0.268082
0.268082
0.268713
0.268713
0.268713
0.268713
0.281496
0.307061
0.334506
0.350575
0.350575
0.350576
0.373727
0.374414
0.374414
0.388453
0.413017
0.446615
0.446615
0.446615
0.453341
0.456907
0.456907
0.456907
0.467074
0.487336
0.487631
0.487631
0.489667
0.505974
0.515268
0.515268
0.516055
0.516652
0.557427
0.557427
0.589518
0.589518
0.611999
0.611999
0.611999
0.611999
0.619152
0.619152
0.630848
0.631875
0.719382
0.719383
0.719383
0.763912
0.763912
0.763912
0.80272
0.80272
0.80272
0.87174
0.87174
0.92614
0.92614
0.926375
0.929825
0.999739
1.0
1.0
