0.000000
0.000001
0.000001
0.000001
0.000001
0.000001
0.000001
0.000001
0.000001
0.000001
0.000001
0.000001
0.000001
0.000001
0.000001
0.000001
0.000001
0.000001
0.000001
0.000001
0.000001
0.000001
0.000001
0.000001
0.000001
0.000001
0.000001
0.000001
0.000001
0.000001
0.000001
0.000001
0.000001
0.000001
0.000001
0.000001
0.000001
0.000001
0.000001
0.000001
0.000001
0.000001
0.000001
0.000001
0.000001
0.000001
0.000001
0.000001
0.000001
0.000001
0.000001
0.000001
0.000001
0.000001
0.000001
0.000001
0.000001
0.000001
0.000001
0.000001
0.000001
0.000001
0.000001
0.000001
0.000001
0.000001
0.000001
0.000001
0.000001
0.000001
0.000001
0.000001
0.000001
0.000001
0.000001
0.000001
0.000001
0.000001
0.000001
0.000001
0.000001
0.000001
0.000001
0.000001
0.000001
0.000001
0.000001
0.000001
0.000001
0.000001
0.000001
0.000001
0.000001
0.000001
0.000001
0.000001
0.000001
0.000001
0.000001
0.000001
0.000001
0.000001
0.000001
0.000001
0.000001
0.000001
0.000001
0.000001
0.000001
0.000001
0.000001
0.000001
0.000001
0.000001
0.000001
0.000001
0.000001
0.000001
0.000001
0.000001
0.000001
0.000001
0.000001
0.000001
0.000001
0.000001
0.000001
0.000001
0.000001
0.000001
0.000001
0.000001
0.000001
0.000001
0.000001
0.000001
0.000001
0.000001
0.000001
0.000001
0.000001
0.000001
0.000001
0.000001
0.000001
0.000001
0.000001
0.000001
0.000001
0.000001
0.000001
0.000001
0.000001
0.000001
0.000001
0.000001
0.000001
0.000002
0.000002
0.000011
0.000013
0.000016
0.000027
0.000028
0.000028
0.000030
0.000032
0.000041
0.000051
0.000053
0.000054
0.000058
0.000058
0.000068
0.000068
0.000072
0.000072
0.000074
0.000078
0.000080
0.000081
0.000098
0.000098
0.000127
0.000135
0.000140
0.000156
0.000191
0.000206
0.000210
0.000213
0.000214
0.000216
0.000216
0.000219
0.000221
0.000228
0.000228
0.000244
0.000272
0.000282
0.000294
0.000294
0.000294
0.000296
0.000301
0.000315
0.000315
0.000333
0.000354
0.000368
0.000385
0.000385
0.000396
0.000405
0.000420
0.000437
0.000456
0.000459
0.000561
0.000563
0.000588
0.000607
0.000611
0.000635
0.000649
0.000687
0.000720
0.000736
0.000806
0.000812
0.000821
0.000847
0.000899
0.000900
0.000903
0.000903
0.000903
0.000912
0.000977
0.001063
0.001077
0.001110
0.001226
0.001251
0.001330
0.001374
0.001563
0.001572
0.002877
0.003195
0.004071
0.004123
0.004123
0.004272
0.004808
0.005379
0.006389
0.006487
0.007602
0.012350
0.012514
0.017694
0.021985
0.022826
0.081083
0.154988
0.210793
0.250762
0.280782
0.707045
0.707045
